2 4 3 0.051636156 0 0.050800983 0.665 0.0043
5 1 1 1.037730991 0.94280889 1.179794379 0.565 6.79825
0 4 4 0 0 0 0 0
2 4 3 0.045546592 0 0.089524884 0 0.00345
5 1 1 1.53269569 1.28765662 2.655417162 12.99 7.5631
5 2 2 0.861315328 0.91643995 1.084491729 13.385 2.26545
2 4 3 0.013880118 0 0.041640355 0 0
4 4 3 0.075645474 0 0.226936422 NA NA
2 4 3 0.020681 0 0.062043001 0 0
5 1 1 1.787947224 2.67996575 0.790503207 7.15 7.0442
1 2 3 0.105674985 0.18364138 0.018321255 0.31 0.0211
3 4 3 0.049276301 0 0.147828902 0 0
0 4 4 0 0 0 0.65 0
3 2 2 1.056008513 0.30091571 0.241927832 3.81 0
4 1 2 0.814911029 1.37070321 0.807451333 7.335 1.81995
1 2 3 0.402069749 0.2130283 0.016239864 2.26 0.0163
3 2 2 0.390150299 0.6873607 0.131718827 2.46 0
5 2 2 0.826172029 0.83438569 0.591263454 10.46 0.13485
4 2 2 0.856988221 1.31036905 0.53591551 12.75 0.03695
2 4 3 0.066854757 0 0.200564271 0 0.00925
1 4 3 0.00846683 0 0.025400491 0 0
3 4 3 0.083280711 0 0.249842132 1.595 0.00425
3 2 2 0.469455359 0.29591694 0.099797368 10.59 0.0071
2 4 3 0.032201373 0 0.09660412 0 0.00875
4 1 2 1.045430129 2.17277751 0.508299158 10.305 0.0109
4 2 2 0.525989787 0.56762284 0.45123891 2.705 0.2676
2 4 3 0.023133011 0 0.069399032 0 0.03255
1 4 3 0.010918841 0 0.032756522 0 0
4 1 2 1.3181321 1.66346434 0.162151902 13.695 0.02995
3 3 3 0.166257696 0.0331247 0.207327093 0 0.01345
5 2 2 1.410169479 1.05955646 2.22123262 16.535 6.11265
2 2 3 0.596842371 0.5364468 0.034561119 13.09 0
2 3 3 0.264817835 0.16363583 0.048719592 3.235 0.0088
3 4 3 0.188771282 0 0.566313847 NA NA
2 2 3 0.427802417 0.46949553 0.050800983 5.505 0.04505
4 2 2 0.971619517 0.67420266 0.508882801 NA NA
2 3 3 0.036754932 0.0313936 0.078871191 0 0.15015
0 4 4 0 0 0 0 0.0071
4 4 3 0.367389314 0.18288688 0.919281067 0 0.0056
1 4 3 0.044934184 0 0.018321255 0 0.0097
3 2 2 0.526425392 0.79490379 0.103683357 9.315 0.0643
3 4 3 0.124642712 0 0.373928135 0 0.1322
4 2 2 0.886940317 0.57490337 0.247939929 NA NA
3 3 3 0.5520453 0.04826956 0.301889443 0.335 0.0045
1 2 3 0.419772791 0.36037048 0.025400491 2.265 0
5 1 1 1.291188408 2.48733559 0.802961498 13.16 1.5657
3 1 2 1.452478563 1.76333181 0.141995994 6.735 0.0124
3 4 3 0.067456289 0 0.202368868 0 0
3 3 3 0.249487496 0.17720215 0.10451842 1.475 0.01895
3 3 3 0.199742641 0.22640404 0.24567935 0.92 0
4 1 2 0.902827084 1.35413221 0.428622959 2.265 0.16565
3 4 3 0.290385783 0 0.87115735 NA NA
4 2 2 0.452081443 0.3351474 0.810779052 0 0.04085
4 2 2 1.104450699 1.82046432 0.388789327 NA NA
3 2 2 0.18625078 0.26396128 0.265670732 3.93 0.02405
4 2 2 0.903882931 1.17594523 0.445027349 11.84 0.1681
4 4 3 0.132000303 0 0.396000908 0 0.01415
4 1 2 0.892400506 1.59041283 0.355190934 7.13 1.7929
3 4 3 0.438239503 0.18288688 0.368120296 NA NA
5 1 1 1.267461246 2.57549513 0.523978196 6.1 0.3937
3 3 3 0.206018556 0.19329834 0.373093072 1.545 0
2 3 3 0.160835332 0.08186043 0.062043001 0.77 0
2 4 3 0.062736798 0 0.188210395 NA NA
3 4 3 0.181280782 0 0.543842345 0.865 0.01265
4 2 2 0.746281996 0.82597793 0.165310412 6.37 0.14565
5 1 1 1.457583326 2.84150891 1.047656636 9.835 1.72895
4 1 2 0.826345186 1.90924176 0.275930682 3.67 0
2 4 3 0.040946558 0 0.122839675 0 0.0049
4 3 3 0.253111185 0.06770492 0.613774576 0.69 0.01015
3 3 3 0.436526651 0.06360585 0.113679048 3.605 0.0761
3 4 3 0.09077539 0 0.272326169 0 0.0047
2 2 3 0.429521241 1.05172436 0.091606275 1.405 0.00695
3 4 3 0.025400491 0 0.076201474 0 0
5 1 1 0.820432825 1.17704306 0.902981074 6.97 4.81685
1 3 3 0.439470356 0.28121843 0.032479728 4.865 0
4 1 2 1.065629772 1.76474747 0.482085375 10.775 0.02005
6 1 1 1.843998975 1.26002591 3.282755607 11.865 18.3267
4 2 2 0.587955889 0.70345054 0.239153701 6.165 0.2788
3 4 3 0.198328682 0.06244407 0.325208543 0 0.0258
3 2 2 0.332570779 0.71300203 0.136998148 3.445 0.00535
4 4 3 0.165124826 0 0.495374477 0 0.09465
4 1 2 0.954464818 1.60397829 0.375316786 2.99 0.0304
3 3 3 0.18422613 0.18029494 0.360604726 0 0.0326
2 4 3 0.019987203 0 0.05996161 0 0
3 4 3 0.162818969 0 0.488456907 0 0.21585
5 1 1 0.740878664 1.48055187 0.418105862 4.515 0.0504
5 2 2 1.115357085 1.64532417 0.639873105 11.6 0.2582
3 3 3 0.104223719 0.0331247 0.211806289 0 0.1059
3 2 2 0.295374118 0.28981845 0.151567885 NA NA
4 1 2 0.409529774 0.75955103 0.150187087 NA NA
2 3 3 0.045581004 0.05114256 0.062043001 0 0
3 3 3 0.38934569 0.51762604 0.270244778 1.91 0.0053
3 2 2 0.245906981 0.37713029 0.292330086 1.15 0
4 2 2 0.67866045 0.59687191 0.597547248 6.14 0.00565
4 4 3 0.65101595 0.18655245 0.469839515 4.07 0.01015
2 4 3 0.035254916 0 0.105764748 0 0
4 2 3 0.175687771 0.16562352 0.361439789 1.16 0.0066
2 4 3 0.115882735 0 0.071203629 0 0
5 1 1 1.539367696 2.10122947 2.010132895 8.115 23.69185
3 3 2 0.091504635 0.16707903 0.107434875 0.82 0
1 4 3 0.009160627 0 0.027481882 0 0
4 4 3 0.150139646 0 0.450418938 0 0.0215
3 3 3 0.045016386 0.04968706 0.085362102 0 0.01
4 2 2 0.806209098 1.28214957 0.890413888 4.365 5.76875
2 3 3 0.151280335 0.09579822 0.046638201 0 0.25325
5 1 1 1.874625921 1.67201712 1.781867053 4.59 4.14105
5 1 1 1.468785682 1.31216371 1.745677878 8.42 30.5618
3 4 3 0.094522729 0 0.283568188 0 0.01515
5 2 2 1.294387583 0.80358406 2.017642604 23.985 8.16905
3 2 2 1.434271474 1.4707753 0.350609035 9.65 0.106
5 1 1 1.830486702 1.45947032 2.928110963 16.945 21.7351
3 4 3 0.025400491 0 0.076201474 0 0.00895
3 2 2 0.661265242 1.57653624 0.129083848 4.61 0.04425
5 1 1 1.207539014 1.63018563 0.699844914 2.145 3.2127
3 4 3 0.026094288 0 0.078282865 0 0
4 3 3 0.257175244 0.1388166 0.539385552 0 0
5 2 2 1.806821872 1.2444365 0.941446747 0.835 22.3078
4 2 2 0.369789836 0.29364279 0.544936985 4.36 0.04675
4 4 3 0.37990231 0 1.139706931 0 0.00615
4 2 2 0.833801817 1.18847226 0.456792899 18.885 0.039
4 1 2 0.971561367 1.7779719 0.478588879 2.09 0.1251
2 4 3 0.013186321 0 0.039558964 0 0.01765
1 4 3 0.016937592 0 0.027481882 0 0
1 4 3 0.003053542 0 0.009160627 0 0.0272
3 2 2 0.396710072 0.73539787 0.046638201 4.085 0.0381
1 4 3 0.005413288 0 0.016239864 0 0
4 1 2 0.887449862 1.95439073 0.474984366 9.685 0.4194
5 1 1 1.646544563 2.14943783 1.844917323 5.965 24.0978
4 3 3 0.693562561 0.286434 0.388526015 13.39 0.72935
4 1 2 0.808868313 0.86024214 0.495704922 NA NA
3 4 3 0.1865884 0 0.550058425 0 0.0253
4 1 2 0.985003841 1.23396018 0.249432994 NA NA
3 4 3 0.025400491 0 0.076201474 0 NA
5 2 2 0.676075296 0.89876523 0.582858004 4.355 0.58505
5 1 1 1.700188243 2.30958629 1.022464938 6.435 5.9353
4 2 2 0.765989826 1.07668254 0.792039724 6.575 0.0341
4 2 2 0.539348954 0.99308182 0.211667137 8.9 5.36855
3 3 3 0.100483591 0.01704752 0.284403251 1.485 0
4 4 3 0.200799363 0 0.602398088 0 0
5 1 1 1.533521056 2.17499732 0.643098104 NA NA
4 4 3 0.311368744 0.03048115 0.433344011 NA NA
3 3 3 0.087725386 0.03409504 0.181966222 0 0.0324
4 2 2 0.563795384 0.46321526 0.254004914 NA NA
4 2 2 0.235595975 0.23684076 0.435131391 0.9 0.00515
3 2 2 0.268745369 0.19283217 0.23027455 0.875 0.01135
3 1 2 0.350739817 0.59765318 0.224441641 2.355 0.04665
4 2 2 0.458309928 0.64399576 0.237760368 14.755 0.0384
3 1 2 0.634043071 1.12198956 0.085362102 10.025 1.59955
3 4 3 0.094997556 0.06096229 0.224030377 0 0.00255
4 2 2 0.750532129 0.48949713 0.284710101 NA NA
3 4 3 0.111522702 0 0.217773669 0 0.00675
3 2 2 0.440471664 0.46736374 0.35811207 1.83 0
5 1 1 1.485200839 1.60658657 1.975222704 5.015 4.24825
2 4 3 0.019987203 0 0.05996161 NA NA
2 3 3 0.574273156 0.53118529 0.091606275 4.755 0.03595
5 2 2 1.641211011 0.92262053 1.707110282 11.59 7.8148
4 1 2 0.363371055 0.59286003 0.381358938 5.59 4.57055
3 2 2 0.722821472 1.10050141 0.2004298 NA NA
3 4 3 0.05149478 0 0.15448434 0 0.0434
4 2 2 0.931243933 1.05441925 0.846990651 4.31 0.01735
4 1 2 1.47382516 1.67057694 0.940254517 1.31 0
4 2 2 0.369260197 0.69317826 0.218469579 7.175 0.1683
4 1 2 1.118874828 1.41333841 0.479977529 0.995 0.0333
2 4 3 0.032201373 0 0.09660412 1.335 0
1 4 3 0.01221417 0 0.03664251 NA NA
4 1 2 0.802401343 1.43031755 0.258478798 9.015 2.66465
3 1 2 1.292066276 2.32056285 0.566712576 8.255 0
5 1 1 1.596894436 2.86410505 0.864473729 NA NA
4 4 3 0.115433719 0.08475244 0.204727053 2.27 0.01375
3 2 2 0.78754315 1.04241934 0.193208241 7.07 0.0118
5 1 1 1.865635039 2.29075467 1.904049357 4.845 0.5163
5 1 1 1.803643571 1.40050374 1.573985127 7.765 18.7113
2 3 3 0.157944393 0.22142726 0.124086003 0.58 0
0 4 4 0 0 0 0 0
5 1 1 1.561566649 2.00316916 1.029493858 10.37 3.0127
2 2 3 1.599725811 1.12283932 0.05996161 9.27 0.01125
3 2 2 0.307294961 0.64477547 0.064126518 0.875 0.0081
4 4 3 0.36889644 0 1.106689321 0 0.02295
5 2 2 0.974036142 0.86651378 0.724258864 5.45 0.7124
3 2 2 0.501681977 0.3852832 0.115760439 1.815 0.00555
4 2 2 1.069174962 0.62875036 0.420990135 3.115 0.02175
5 2 2 2.252796645 0.71006379 1.470189216 12.485 1.19925
4 2 2 1.183032453 1.08100246 0.261391 11.525 0.2059
3 4 3 0.11145639 0 0.334369171 0 0
2 1 2 1.211054888 2.02893065 0.08119932 8.9 0.0623
2 4 3 0.013880118 0 0.041640355 0 0.0032
4 2 2 1.097901242 0.8591469 0.9852075 14.23 3.67165
3 4 3 0.128809672 0 0.386429016 0 0
5 1 1 2.344809242 1.6009772 3.663705139 NA NA
6 1 1 1.740069197 1.62789925 3.419884667 2.375 21.2873
4 4 3 0.216107437 0 0.518982906 0 0.0982
3 2 2 0.335206096 0.74989565 0.050800983 6.27 0.09565
5 1 1 1.098448749 1.05511121 1.594146295 5.7 21.2198
3 4 3 0.043721746 0 0.131165239 0 0.0176
1 4 3 0.071107786 0 0.03664251 0 0
4 3 3 0.327030891 0.09461744 0.150909883 NA NA
4 1 2 0.73284554 0.85895261 0.973145509 2.36 0.0331
4 2 2 0.645381827 0.49958532 0.601726039 5.705 0.81525
5 1 1 2.401046137 3.84928915 2.013594265 10.485 7.67395
3 3 3 0.177992719 0.14656931 0.191550649 2.17 0
3 4 3 0.086056607 0 0.258169822 0 0.0031
4 1 2 1.077699084 1.92238267 0.373793665 1.415 0.35505
4 3 3 0.20888246 0.11645964 0.434179074 1.92 0.05165
1 4 3 0.002359745 0 0.007079236 0 0
3 2 2 0.637396169 0.78283272 0.207366714 5.31 0.0708
2 2 2 0.584134261 0.76080207 0.067317641 2.21 0
5 2 2 0.741753283 0.5407529 1.464908719 24.12 9.033
5 2 1 1.151826006 1.1105578 1.257130662 8.395 6.4107
3 1 2 0.767627655 1.59461832 0.152402949 4.675 0.0342
3 4 3 0.04191871 0 0.12575613 0 0.00475
3 1 2 0.908339899 1.80861582 0.118706949 NA NA
1 4 3 0.019661436 0 0.016239864 0 0.00455
4 2 2 0.364396248 0.67845381 0.229993074 1.245 0.0173
3 2 2 0.386972802 0.1972267 0.899461761 0.955 0.00245
4 4 3 0.202696362 0 0.598382311 0 0.01135
1 3 3 0.034061979 0.01656235 0.066210035 0.725 0.00475
1 4 3 0.010826576 0 0.032479728 0 0
3 2 2 0.676834611 1.21254887 0.090359947 6.33 0
4 2 2 1.015657253 1.18671403 0.578814728 7.955 0.0262
5 1 1 1.55051447 2.29553078 1.399815594 8.835 5.2703
4 4 3 0.208161132 0 0.624483395 0 0.00945
3 4 3 0.031507576 0 0.094522729 0 0.07245
3 3 3 0.055433695 0.01704752 0.090359947 0 0
5 2 2 1.402995231 0.73227881 1.826883291 12.28 17.89675
1 4 3 0.006107085 0 0.018321255 0 0.0202
5 2 2 0.725149073 0.76087302 0.520399277 4.915 2.71185
4 2 2 1.25075147 0.91088452 0.524249693 3.915 0.13995
1 4 3 0.007633856 0 0.022901569 0 0.0078
4 2 2 0.4188937 0.33071486 0.435014138 NA NA
4 1 2 1.009837716 1.53470052 0.768266769 11.135 0.36895
1 4 3 0.003053542 0 0.009160627 0 0
5 1 1 0.901455729 1.73577168 0.629500888 5.415 0.4046
4 1 2 1.243459589 1.15845169 0.483439718 7.635 0.04135
5 1 1 1.476066174 1.805067 1.591592521 13.855 3.72355
5 1 1 1.535506558 2.03750748 1.056333747 12.61 0.36695
5 1 1 1.802122063 2.81862888 2.171601211 14.505 15.71135
3 1 2 0.827374302 1.18670468 0.098962305 4.545 1.03935
3 4 3 0.017025926 0 0.051077777 0 0
3 3 3 0.196572684 0.29955403 0.245121081 3.035 0.09395
1 4 3 0.007814723 0 0 0 0
5 1 1 1.029119267 1.57593097 1.078640456 7.985 2.26355
3 1 2 0.59025333 0.8436064 0.248595805 8.975 0.01625
5 1 1 1.196083276 1.3228444 1.937470231 8.01 7.0262
4 2 2 0.723494878 0.52373126 0.337178654 12.805 0.0564
2 1 2 0.539892451 1.17661592 0.025677285 7.985 0
2 1 2 0.496193203 1.20435823 0 4.85 0.17105
4 1 2 0.897578155 1.7892442 0.522868895 6.745 0.01325
2 4 3 0.019987203 0 0.05996161 0 0
3 2 2 1.065184319 0.62315999 0.351444098 2.635 0
3 2 2 0.18118404 0.31808088 0.163086697 2.755 0.02085
5 1 1 0.706520008 0.80614649 0.641263881 6.195 1.99495
4 2 2 0.891252183 1.5157194 0.207643507 NA NA
3 3 3 0.086095707 0.08108066 0.128672584 0.335 0
3 1 2 0.453377735 0.9493585 0.157119318 1.775 2.73575
2 4 3 0.016239864 0 0.048719592 0 0.0081
3 4 3 0.053576171 0 0.160728513 0 0.0022
3 4 3 0.133807518 0 0.401422553 0 0.12765
4 2 2 0.802652361 1.23162373 0.212643479 5.715 0.1833
5 1 1 1.399253916 2.02476 0.783687332 9.31 0.29985
6 1 1 1.641081333 1.35689487 2.984924732 8.685 20.8346
4 1 2 0.811437326 1.65149252 0.313408255 6.075 0.22875
6 1 1 2.968021039 1.33333361 5.390702058 7.68 56.5725
4 4 3 0.203349376 0 0.610048129 0 0.24405
4 2 2 0.857463219 1.10780142 0.743428589 10.765 0.09875
3 2 2 0.691833038 0.80372104 0.167396485 8.575 0
1 3 3 0.085028539 0.14240183 0.014158473 0 0.01165
3 2 2 0.405533301 0.3849696 0.362686117 1.32 0.307
4 1 2 0.834060406 1.44505188 0.290966809 13.28 1.14965
5 1 1 2.104225147 3.03315904 2.759036853 3.515 30.96025
4 2 2 1.460175506 0.77490518 0.578275245 2.405 1.5795
3 2 2 0.533798795 1.06162824 0.107434875 4.61 0.03275
4 4 3 0.238414024 0 0.715242072 0 0.401
1 3 3 0.091176976 0.08523761 0.03664251 0 0
3 2 2 0.757168403 1.04634049 0.351867897 3.76 1.1387
4 2 2 0.913296155 0.72232938 0.371712274 4.2 0.2833
4 4 3 0.114372845 0 0.343118534 0 0.0236
4 4 3 0.082998315 0 0.239288172 NA NA
1 4 3 0.153619882 0 0.007079236 2.81 0
4 2 2 0.687745453 0.61801523 0.189322252 7.29 0.0055
1 3 3 0.371336773 0.29639576 0.018321255 3.35 0.0063
5 1 1 1.745462996 2.11679756 2.371903674 NA NA
6 1 1 3.191916563 2.82593687 5.392875939 9.7 87.0399
4 2 2 0.443016834 0.39812518 0.919146596 1.335 0.03385
3 3 3 0.146115872 0.0313936 0.397247235 0 0
4 1 2 0.684907965 0.4660406 0.595186507 6.985 0.06425
5 2 2 1.648726381 1.2038545 1.965489318 13.845 16.2579
3 4 3 0.056496557 0 0.146158776 0 0.00655
5 1 1 2.230668923 4.96020479 1.40378346 2.08 24.44665
4 2 2 0.589870191 0.91608122 0.53816907 7.05 4.5637
5 1 1 0.701319114 0.93348155 0.981590035 7.365 2.81115
3 2 2 0.534802776 0.5700014 0.259426559 2.165 0
5 1 1 1.833687236 3.48973984 1.465971311 9.3 26.02865
4 2 2 0.335630323 0.37617896 0.138521269 5.2 0.09195
1 3 3 0.035564856 0.0506574 0.032479728 0 0.00785
6 1 1 2.503820731 1.26425099 6.169557004 10.265 14.36945
4 1 2 1.416960197 2.89392254 0.588690913 17.625 0.27655
3 1 2 0.603122837 1.37587457 0.11784183 4.3 1.0218
3 2 2 0.689924312 1.0481836 0.195289632 12.445 0.08175
4 2 2 0.548846354 0.36762748 1.278911576 1.005 0.2312
4 2 2 0.877097449 0.63840193 1.276323871 6.765 0.05575
3 2 2 0.851048495 1.23934097 0.127002457 4.595 0
4 2 2 0.611671673 0.20255515 1.551389433 0.875 0
4 2 2 1.096362646 1.96901521 0.675837966 13.89 0.48155
4 2 2 0.603669674 0.8387833 0.425564181 1.405 0.01085
5 2 2 0.551894957 0.81947061 0.624197237 8.665 0.1117
3 3 3 0.244032627 0.2170272 0.202645662 3.325 0.02045
3 4 3 0.042055798 0 0.126167394 0 0.0039
4 1 2 0.967407508 1.36577237 0.494958531 12.155 0.1081
3 4 3 0.116533684 0 0.326043607 0 0.00835
1 2 3 0.189650175 0.5147564 0.007079236 0.595 0.0107
4 2 2 0.428646285 0.32515942 0.628945174 0.585 0.0519
3 1 2 0.50049708 0.89432471 0.416416089 4.135 0.12845
4 3 3 1.098969918 0.66879865 0.712602411 13.085 0
4 1 2 0.793793296 1.31783253 0.247197789 3.835 0.0236
5 1 1 0.61281546 0.7719318 0.613498397 14.855 0.69995
4 3 3 0.159432269 0.01483125 0.463465554 0 0
2 4 3 0.096617843 0 0.073287146 0 0.00425
4 2 2 0.567691943 0.87042814 0.337012002 6.86 0.18135
2 2 3 0.062669711 0.12903662 0.039558964 0.16 0
5 2 2 0.589217176 0.85840601 0.541464387 9.29 6.8096
5 2 2 1.51823488 1.07799189 1.562598696 8.825 6.9197
4 2 2 0.712632871 0.59003562 0.549221703 4.28 0.0387
2 1 2 0.778701248 1.79591803 0.064959456 2.975 0
5 1 1 1.653736491 2.09103003 2.061872057 13.84 10.87805
1 4 3 0.009995567 0 0.018321255 0 0
1 4 3 0.007773033 0 0.0233191 0 0.02625
3 3 3 0.234390557 0.03409504 0.600476237 0 0
2 4 3 0.016332129 0 0.048996386 NA NA
4 1 2 0.708673529 0.9244898 0.571722957 3.065 0.40825
2 4 3 0.017627458 0 0.052882374 0 0
4 1 2 1.057083994 1.42160651 0.419173003 8.93 0.2204
1 3 3 0.327698907 0.04622486 0.100766902 NA NA
3 1 2 0.689105599 1.4114104 0.116627684 6.71 1.28465
4 1 2 0.774224666 1.22343949 0.578390929 4.64 0.2523
4 4 3 0.078478974 0 0.235436921 0 0.11085
3 2 2 0.948228956 0.43899475 0.395165844 4.86 0
5 1 1 1.944601747 1.28550394 2.487330115 5.495 12.12155
4 1 2 1.313302048 0.87067708 0.583093252 4.42 5.05365
5 1 1 1.538253755 3.12561891 1.328610681 5.86 0.80355
3 2 2 0.255617306 0.47850057 0.196959758 1.035 0.0208
4 2 2 0.644104753 0.48556337 0.416264401 1.98 0.1798
4 2 2 0.709620632 0.73954847 0.290512954 1.03 0.01955
3 2 2 0.254321844 0.47233693 0.157400794 1.925 0
4 2 2 0.872446173 1.17844021 0.555067147 3.37 0.06325
1 4 3 0.005413288 0 0.016239864 0 0
4 2 2 1.142187362 0.73832241 0.427087303 18.186667 0.1573
5 1 1 1.973120086 2.92280897 2.138671248 1.97 11.4795
5 1 1 2.261224802 2.29871348 3.011980288 6.625 23.1395
4 2 2 0.518152592 0.44099187 0.811589786 2.43 0
3 4 3 0.037476013 0 0.112428038 0 0.06555
3 4 3 0.194732923 0 0.584198768 0 0.0167
5 1 1 1.081620678 1.12799619 1.321299798 5.295 1.20465
1 4 3 0.024714557 0 0.027481882 0 0
5 1 1 2.394423353 4.94508429 1.706845196 5.635 2.6864
4 4 3 0.352337916 0.06096229 0.396978295 0.785 0.0168
5 2 1 1.095301347 1.86436099 0.869592125 13.115 3.98185
3 2 2 0.432368019 0.59549002 0.086197165 8.755 0.05875
4 1 2 0.487624108 0.7318672 0.299115312 2.295 0
3 2 2 1.108259516 0.67719148 0.231944677 10.095 0.00535
5 1 1 1.521103545 1.1518171 0.596979614 11.69 0.37125
4 2 2 0.847944569 1.0840002 0.312715515 5.77 0.0597
3 4 3 0.046775289 0 0.140325867 0 0.0155
2 4 3 0.018599609 0 0.055798828 0 0.0025
4 2 2 0.518320611 0.54847606 0.534257919 9.275 0.34395
5 2 1 1.203902324 1.04439548 2.151451604 15.88 33.58625
3 4 3 0.159066619 0 0.46553441 0.225 0.00195
4 1 2 1.429223134 1.91893713 1.665088869 5.035 0.0833
2 3 3 0.094995265 0.09466598 0.06787591 1.125 1.44555
3 4 3 0.198899883 0 0.596699649 0 0.00295
4 1 2 0.875942455 0.76243225 0.402659516 6.09 0.0352
3 4 3 0.047053643 0 0.14116093 0 0
3 2 2 0.566812003 0.88838741 0.155730667 NA NA
4 3 3 0.316839531 0.4242094 0.481492798 2.385 0.0263
3 2 2 0.688452536 0.63638644 0.166145475 6.15 0.0859
3 2 2 0.875285534 0.82896675 0.335615498 2.09 0
1 2 3 0.641915826 0.7824379 0.045803137 0.82 0
2 4 3 0.026094288 0 0.078282865 2.35 0
5 2 2 1.561762822 1.31415745 2.010478677 10.88 4.0027
3 2 2 0.520442283 0.76501178 0.354771817 0.685 0.04645
5 2 2 1.320952297 0.77937677 1.608154342 16.285 0.5883
2 3 3 0.01720288 0.01704752 0.034561119 0 0.00275
3 4 3 0.153927631 0 0.461782892 0.24 0
3 4 3 0.093272223 0 0.27981667 0 0
5 2 2 1.388002764 0.8617127 0.672352833 6.515 0.60205
3 4 3 0.077634029 0 0.223195313 0 0.0055
4 1 2 1.218268824 2.58867614 0.377956447 0.69 0.0146
4 2 2 0.213585849 0.1774292 0.229616548 1.12 0.0058
5 1 1 1.245387133 1.04354826 0.899937225 NA NA
3 2 2 0.213589108 0.27765063 0.174886986 1.485 0.0326
5 1 1 1.750965908 1.88073271 2.25098317 13.875 6.39525
4 1 2 1.066485931 1.43310778 0.348111697 12.495 0.2132
3 4 3 0.087961999 0 0.110762593 0 0
3 1 2 0.644199471 1.30659699 0.422660262 13.315 0
4 4 3 0.331602339 0 0.994807018 0 0.01945
4 2 2 1.185619337 0.65528509 1.134285286 3.405 0.0907
2 2 3 1.196572737 1.03932608 0.064959456 1.87 0.0038
4 2 2 1.062675345 0.58038404 0.559708112 NA NA
5 2 2 0.908549828 0.35101659 0.688579695 1.185 0.28195
4 1 2 0.989835144 1.43749615 1.296962845 3.075 0.0319
2 3 3 0.61483769 0.24042599 0.048719592 4.855 0
4 1 2 1.136849131 1.05105622 0.232762523 11.51 0.2309
5 1 1 1.456045051 2.09788275 1.074596816 NA NA
1 4 3 0.013880118 0 0.041640355 0 0
5 1 1 1.293360951 1.13514937 1.07770063 8.8 3.8891
2 4 3 0.036920864 0 0.110762593 0 0.0025
4 2 2 1.719589445 0.64294507 1.016223915 7.85 1.9524
5 1 1 1.402816282 1.65940289 1.009801877 1.05 4.65185
4 2 2 0.944262092 0.80097692 0.542994747 3.935 0.08415
1 4 3 0.015267712 0 0.045803137 NA NA
3 3 3 0.138102431 0.01704752 0.397259771 0.525 1.07285
5 1 1 2.248129268 3.25331686 1.478194134 2.99 11.0945
4 2 2 0.938372343 1.09003788 0.570107956 NA NA
4 2 2 0.524928429 0.82301697 0.27253073 2.7 3.02145
3 4 3 0.020959355 0 0.062878065 0 0
3 1 2 1.033132405 1.42535239 0.241092769 5.115 0.0223
4 4 3 0.146246862 0 0.438740585 0 0.01195
5 1 1 1.494567678 1.16655639 2.495368242 NA NA
1 4 3 0.009160627 0 0.027481882 NA NA
4 3 3 0.369944106 0.23305285 0.828245597 2.72 0.0142
3 2 2 0.371697404 0.55673294 0.24567935 2.03 0.0074
5 1 1 1.144084941 1.90404415 1.099170728 3.16 0.3889
1 4 3 0.075218229 0 0.018321255 0 0.0029
5 1 1 1.865155902 2.82856474 1.536862528 14.22 11.8298
3 4 3 0.102299818 0 0.295234006 0 0.0188
3 3 3 1.026825864 0.82884046 0.259837823 2.92 0.1519
4 1 2 0.814758836 1.35269876 0.939020725 2.845 0.3005
3 2 2 0.885180764 0.64862561 0.342694735 NA NA
3 3 3 0.082203645 0.04778439 0.070234095 1.085 0.0145
3 3 3 0.213922614 0.21285673 0.304982959 1.7 0
5 1 1 1.523035658 2.35775433 1.569255104 9.38 6.3971
4 1 2 0.85204816 1.53303063 0.516901515 7.655 1.1517
5 1 1 2.723500989 2.45938923 2.30425242 12.795 2.28335
0 2 3 0.381297113 0.44705148 0 1.575 0.0073
3 2 2 0.217392943 0.34095042 0.252334787 1.865 0
5 1 1 1.42343521 0.86195523 2.674574821 2.15 10.52805
4 2 2 0.364318401 0.58759039 0.183078079 NA NA
4 1 2 1.007721659 1.16750533 1.305047095 1.025 0.3355
4 3 3 0.496406612 0.52101376 0.210559962 1.985 0.0124
3 2 2 0.971601328 0.23694479 0.062045127 10.765 0.0037
4 2 2 0.358524523 0.15696803 0.918605544 NA NA
5 2 2 0.861315328 0.91643995 1.084491729 13.385 2.26545
4 1 2 1.065399662 0.96409805 0.465130999 NA NA
4 1 2 0.783244269 1.37446641 0.184324407 NA NA
3 2 2 0.288141882 0.25010037 0.151433415 1.64 0.012
1 3 3 0.058133162 0.11836231 0.032479728 0 0
3 4 3 0.033173525 0 0.099520575 0 0
3 2 2 0.539470725 0.61683195 0.221113922 0.52 0
3 4 3 0.029426185 0 0.088278556 NA NA
4 2 2 1.058022373 0.62860207 0.601461606 9.945 0.27365
4 2 2 1.891293009 1.01382638 0.516921162 1.985 0.35235
3 1 2 0.5087808 0.88009854 0.230685814 2.065 0.00345
5 2 2 1.705312957 0.97106372 2.239870661 11.66 3.5234
3 4 3 0.09660412 0 0.289812361 0 0
5 1 1 1.503287185 2.803532 1.157479121 8.625 8.0557
4 3 3 0.268886613 0.01656235 0.790097486 0 0.01555
5 2 2 0.914495814 0.44399367 1.629806149 9.96 4.24605
3 2 2 0.393661032 0.43117546 0.092718132 3.455 0.01005
4 2 2 0.541655646 0.4774938 0.364209238 3.33 0.0614
3 4 3 0.127002457 0 0.381007372 NA NA
3 2 2 0.63033566 0.88912695 0.129918912 1.975 0.10085
4 2 2 0.170661842 0.2781358 0.179326561 NA NA
4 2 2 0.868734613 0.84303641 0.21031535 NA NA
1 4 3 0.590766156 0.69984304 0.027481882 2.66 0
1 2 3 0.458177713 0.46641929 0.009160627 1.4 0
4 2 2 1.029699776 0.6730153 1.791961538 1.63 0.18845
5 1 1 1.707790037 2.34649259 1.901578944 7.835 21.5457
3 2 2 0.51616874 0.80635454 0.292317551 7.235 0.0857
3 2 2 1.000754836 0.58776386 0.201533805 NA NA
0 4 4 0 0 0 NA NA
3 3 3 0.10078493 0.11247427 0.189880522 3.57 0.0093
3 2 2 0.441681312 0.55235535 0.135328021 5.225 0.8371
3 1 2 0.719905602 1.36824469 0.157049641 8.785 0
4 1 2 0.791409898 1.3087587 0.28232143 9.135 0.40605
4 4 3 0.167511136 0.06096229 0.382677498 0 0.05925
3 4 3 0.071066541 0 0.213199622 0 0.05725
5 1 1 2.006754028 1.4114637 1.036424414 1.745 0.0424
4 4 3 0.270123786 0 0.752044122 0 0.00745
5 1 1 0.814396319 1.02906576 0.399639297 NA NA
4 2 2 0.376945415 0.37617207 0.650840886 0.95 0.0095
4 2 2 0.670966986 0.36475448 0.561316002 2.445 0.0123
5 1 1 1.141553507 1.48791867 0.78408496 6.115 0.06755
4 2 2 0.959256863 0.76673566 0.422924521 8.775 0.0979
4 1 2 1.51924335 1.61873771 1.16482625 4.555 0.6586
3 1 2 0.476657571 0.77916642 0.187799131 1.61 0.0126
1 3 3 0.53460086 0.14734907 0.014158473 2.035 0
4 2 2 0.717062885 1.0857902 0.294112784 10.545 2.8921
3 4 3 0.030906044 0 0.092718132 NA NA
0 4 4 0.078324659 0 0.028316946 0 0
3 2 2 0.23976174 0.37948258 0.229024191 0.51 0.014
3 2 2 0.66956041 0.61804771 0.122839675 6.555 0.7811
5 2 2 1.196873973 1.35565256 1.644602777 NA NA
3 3 3 0.223730873 0.15148702 0.172805595 1.395 0
5 2 2 0.88497621 0.53222178 1.862236258 6.46 8.78415
3 3 3 0.213067707 0.04922089 0.364767508 0 0.0109
1 1 2 0.978007882 1.14497818 0.03664251 0.5 0.01335
4 2 2 0.296234003 0.6178056 0.201264864 1.705 0.5181
3 3 3 0.226252332 0.09210658 0.260672887 0 0
2 2 3 0.866342374 1.04056902 0.079117929 1.665 0.00275
3 2 2 0.916355507 1.52884935 0.223606577 5.42 0.16075
1 4 3 0.087486764 0 0.016239864 NA NA
4 1 2 1.024524791 1.49852813 0.327155464 NA NA
3 4 3 0.039558964 0 0.118676893 0 0
3 4 3 0.261332504 0 0.170724204 0.465 0
4 2 2 1.014420465 0.55667506 1.432276206 5.965 0.0938
3 4 3 0.074349436 0 0.223048308 1.375 0.01535
4 2 2 0.69192425 0.10179996 0.614210911 0.195 0.00185
5 2 2 0.741041438 0.79183381 0.780336182 1.09 0.0064
5 1 1 1.073617487 1.6458565 0.706400829 5.255 0.28275
2 2 3 0.515689231 0.96205716 0.03664251 4.17 0
1 4 3 0.015267712 0 0.045803137 0 0
5 1 1 1.640167121 2.10590276 1.409176731 9.01 15.7399
5 1 1 1.73925362 2.72614554 1.024898756 13.285 12.2536
5 1 1 1.824697842 2.82331794 1.040662204 1.11 2.68865
4 4 3 0.094477906 0 0.283433717 NA NA
3 1 2 0.927371105 1.03111697 0.273570985 4.125 1.1945
4 2 2 1.576654434 1.52277933 0.361439789 13.385 0.0128
3 4 3 0.049276301 0 0.147828902 NA NA
5 2 2 1.937199417 0.95466746 1.233731502 6.9 0.3764
