0.992815803837356
-0.10820013541803
0.773955540041585
1.17967539196034
-0.754438491707055
-0.841230327292781
-0.0520980850620636
0.583246678691732
-0.0704458639069938
-1.75018145425906
0.81816507000085
0.719306878095691
0.681698496641278
0.876151690504242
0.210499038497772
-0.648113624007143
0.567304857774519
-0.255359699115584
-0.989055005143722
-0.287093230285212
0.583106876645142
1.12893833548407
0.648965475070229
0.983357525550788
-0.984699895828755
-0.275970303218028
0.563577543301016
0.834053784775118
0.624721582385392
1.25219772458194
-0.175560405221567
1.22023594411391
-0.835742692334985
-2.32171833742425
-2.9979782165756
0.549278435220503
-0.075597183392861
0.0855898546080169
0.667106602665984
-0.10812763240665
0.480511370872201
0.398204847758761
0.610244595654833
0.947064161786977
0.482472587969892
-1.13116826488718
0.89902006512242
0.314766986983362
0.474908805176978
1.28107443925126
-0.384602349729063
0.137012471122809
0.841577791307869
0.476248744080191
1.28317257733437
-0.700123236533621
0.970541126967174
-1.36098979647284
0.870773754185803
0.388317721420397
-0.249424306107967
0.783787193536804
0.751556065636662
0.900218179338407
0.842269800398109
-1.29386158063608
1.18495074757202
0.549434496630791
1.00961886480003
-1.6417359722423
1.11732395078576
1.26670729572268
1.13566710698008
-0.473427265629169
2.05380746252302
1.55097398338979
-1.10859090253836
0.910237319105369
-0.740639363820922
0.573159112026989
0.470608408094778
-1.78893972164548
0.535595630619222
0.598667702050513
0.326778352451884
0.989074581412641
0.388228035165177
1.54591621889966
0.329934695482871
0.0423513753155714
0.368174969832329
0.662197612661096
-0.730277226865128
-0.0224493759531815
1.48522200631774
1.56310939009834
0.409926894980017
0.989675481529158
-1.81289943072238
0.401480202209916
0.690894365169116
0.16396189966598
0.443877438951271
-2.30123119739606
0.943437220078081
-0.578859220823258
-1.74976037629305
0.944916005484137
-0.707713544014352
0.43481248177883
-1.58155817806427
1.12727465032751
-0.207464638630316
-1.14882504351193
0.753342342756078
0.769132649657965
0.22273630440631
0.434584746887936
0.880218081543141
-0.628351584385039
-0.0017529640869732
1.14638661789366
2.19877427753697
0.466537390487774
-2.22216576796269
0.186592429268229
-0.759620855438029
-2.1519163264272
-0.38192431046384
0.64379591195364
1.27514018970478
0.275267226482351
0.536596761463308
-0.900464526146665
-0.343989897922925
0.33030371504599
-0.634674837904755
0.0566699054531269
0.39235745599457
-0.738876710489018
0.0566388657880666
-1.68245944380451
0.943106945963789
0.665141255124293
0.867423726189593
0.110926905141019
-0.392784486955967
-0.302383514651495
0.493340129932245
0.511566844152879
0.805232951219389
0.246107992110382
-0.758530878731946
0.828495721646109
0.285937221646273
-0.983988600780943
-0.266978102455548
0.70806844756662
0.94535904419414
0.236821247060276
0.909415484144053
0.453629464683829
-0.601185210451958
1.08812506471142
-1.16288120257108
0.868539824864071
-0.323225975197115
-0.323574217010295
0.725323692266605
-2.12376164477365
0.256830826219513
0.722494051229643
0.69771740949815
0.562122423290332
-0.376994911342648
0.709944960695829
0.826273570832777
-0.393264998178633
-0.407164364234165
-0.33933172963859
0.21567832840976
0.351919284685499
0.430590238093125
0.405112152831237
0.0714542095216287
-2.94785421935078
-0.89699693015718
0.57321661894403
-2.91650927792129
-2.7087136406396
1.41623962591172
0.526942892194544
-1.62495869760538
0.599963376678978
1.10453289078453
0.897383156897825
-0.923682015342209
0.919881152600763
-2.89377139091921
1.58318584296589
0.676253169840911
-0.137001268039832
0.387139261902585
0.308552543342106
-1.06235832918413
0.81550302217705
-1.21929003022506
0.178900220571144
0.370017214132332
0.334005359464059
0.220382779365939
0.665372872657654
-1.44687315943548
0.053089788732874
-2.36258701543534
0.453731297413995
-1.22614446219424
-0.964052698468183
0.33517223253346
-1.64499540676548
0.713651368026361
-0.218413751928494
1.2180238128164
-1.40551303552339
0.126510689780197
-2.02232973993758
-0.864421839933248
1.09706968207897
0.0455727246228115
0.398413829229774
0.381483425322791
0.998196986397309
0.416055618339996
-0.699382417579636
-0.852678745604272
-2.24310126230096
-0.542149260011304
-0.0475801747206703
0.414199576989252
-0.328386046716099
-0.261254283569202
0.970708279165948
-2.43677550683013
0.579036069820569
1.34055122597155
-1.49909444721336
0.906998967694404
1.04554793500157
0.391822369690498
-0.266520480721819
0.575141441463476
0.383909335652604
0.706870130903732
1.04459492276464
1.15610734049539
1.24003057980381
-2.40592416413246
0.227165892683681
-1.72079619797274
-2.6786457056148
0.168113063511406
-1.580206637982
-0.577982145902756
0.129613551826552
1.03428221488459
0.595562847496947
0.998593177911278
0.49839069178729
-0.0215726973131495
0.0937353530865913
0.245582988411664
-0.314242616506894
0.856714350755506
-0.200632020110613
-0.95897872412591
-0.195107327611816
0.68589446495771
1.81969008017988
0.103530951581731
-1.12830342640817
-2.33945958195494
-3.04901533471835
0.821007976638924
0.814192578721944
-1.25645772071171
-0.76144789427344
1.11844940124041
-3.69737272359571
0.809172006923052
-0.760899261971629
0.521551633532713
-1.77735614317125
-0.508117523281169
0.268298507086808
-1.75263206859316
-0.968939056525283
-0.645759997553261
0.302402365445591
0.32594584484707
0.577729864125451
1.09750187089334
0.2372770443102
0.0484970764444793
0.536936414527436
-1.2283530256883
0.205779319683761
0.568275928552891
0.684809395541036
0.408072631148838
0.605961373576912
0.709886392927369
0.313981729354228
0.351929777435231
0.193537580168389
-1.10930721065371
1.28790380365271
-0.623679837406043
-0.386063412838785
0.10023506992233
0.178983644613126
-0.300303782450439
0.532504777950265
0.617336824522791
-0.676080817255171
0.516712912214844
0.442031780574446
-1.48466621385621
-0.363046314909866
0.339207889160581
0.246928662386368
-0.00719773237555895
0.457006313795414
0.110467842809274
1.17662891581779
-0.026990770988102
-1.44442158481484
-1.24838144714038
0.122014001506165
-0.512186850072532
-0.211392023359715
-0.582827237405495
1.18687086437907
0.800745210863341
-0.568567075058585
1.13185133117483
0.96318650500176
-0.717679733166695
-0.427696830461923
-1.3261971932925
-0.506698832556872
0.63642432605221
-0.976100714253138
0.51815111143593
-1.06959886796092
-0.284890367945234
-0.419314337037343
0.114704479045039
0.816991925180477
0.628644077281063
0.300754421255938
1.1247837436861
0.597684349713486
0.076501725083532
0.997456586096608
-2.42766128392375
-0.0996765652143281
-0.0230145102568563
-0.227661012587221
0.665695323803295
-2.6553569621547
0.744114359020886
0.503717850257252
0.257232545376128
0.823655892696421
0.0515783535900075
-0.128889485034896
1.25406092123148
0.475340390380816
0.300665078800361
0.380737666278937
0.324340216871312
0.424766980716235
0.671818055958552
-0.00761135964653375
1.76355194986021
-1.13665733802706
0.211030382809101
-0.925972322041526
-1.20279017556723
-2.06410876613478
-0.326127638008379
1.48064184921771
0.268164192629721
0.997744702218637
0.237046767389111
-0.174477395028009
0.908605726016419
-2.08696622558322
0.115140183901851
0.568796163507509
-1.51406023965287
-1.8507773381352
0.759829657666319
-1.02981692731976
-0.198857654894694
-0.876494521615339
-0.315101460825267
0.529601775039866
0.770545675079368
0.161802568218196
-1.65802410641361
-0.911482435947065
0.141403069333147
0.613546502836977
0.647181828397663
0.142924802621917
-1.14507287174544
0.120031421076175
0.446144691716665
0.0714323797546114
-1.71883822833708
0.87429945131216
-2.48799160740922
-0.562103180821061
-0.185567390978206
-1.28710596960104
0.128239014428681
1.19150899096813
0.490214906108979
-0.86500783257074
-1.16203747643214
-1.17478480021685
0.306469491651218
-0.595217354735715
-1.39474828129017
1.25466528675157
-1.616714121209
0.947349917122018
0.340312537656003
-0.524531358816159
-0.841230327292781
-0.352050205322178
-0.00729284049878883
1.16258232020545
0.047402405388649
0.39608039072791
0.791737125993691
1.22223784606478
1.1071649142965
0.573481152212229
1.2162424746745
1.15304112122235
1.3087843433752
-1.28690515410161
0.288161814234754
-1.40520346696797
0.644517159391935
-0.284731469761823
0.742646198483586
-0.268473499935468
-0.095414200634402
-0.0981121490272186
1.16065607026251
1.37048142425477
-0.202095225457774
-2.27367044062475
1.08041181712374
-0.670922048509575
0.704530296185949
-0.154142686340292
1.2075868926219
0.0407860545497115
1.55658329469127
0.186499327927773
0.135054084740215
0.667911508384036
0.403131256362289
-0.874114837924766
1.22539632629716
0.231452883503015
-1.65747376442639
-0.415013443144766
0.086795711072912
0.0167125717738792
1.24887221216513
0.62780094451415
-0.948781948314375
0.726797022589719
0.568762705222223
-0.527062519321484
-0.762776534982978
-0.0483825267649878
-2.09050551983449
0.938633488143117
-3.22190305086338
-0.0151608230785112
0.63230849022082
-0.427909767579702
-0.756754168090018
0.73024014186484
0.992520099980589
0.0504360282970816
0.156670917769925
0.106378863992884
1.21652219687494
0.43269602482267
0.230121555666796
0.23206522748737
0.552012635847633
0.402169442246539
-2.51920221971556
-1.28180506309141
-0.523390054205644
-0.334940145114341
-1.84444036142592
0.370097952878708
0.640111246811749
-2.30899322202095
